    2    5   -4   -9   -3    5   -7    5    2    5
    0    3    5    0    4    4   -6    8   -3   -8
    7    2    1   -6    5    9    2   -7    4   -3
   -1    6    0    8    3   -4    7   -2    9    5
    8   -3    9    0    5    9   -2    5    2    3
    7    3   -4   -3    1    9   -3    3   -5   -2
    9    3   -2    1    0    4    2   -5    3    1
    3   -1    0    7    2   -3    7    8   -2    7
   -5    9    2   -4   -3    0    9    2    5    2
    5   -4    1    8    6   -2    9   -9   -1    9
